192642
175165
158010
180148
212978
162850
435804
271278
214567
220525
7987945
251036
12838710
4569180
176815
259027
3082330
261064
256341
14625955
4725793
213229
220670
257777
7983607
255896
12746615
5686390
212072
221366
3314329
258230
12233641
4243001
173147
265619
214347
255002
8018005
22691114
153991
5559861
219498
218662
3266089
257599
12717341
169175
152771
204786
257343
251488
14894761
11094829
209297
5636799
261680
256998
3269649
22769224
207945
246815
315713
311270
272123
285265
14016859
155292
184252
9129617
262023
263373
13326689
10790014
264113
215789
218901
263592
259100
22820794
5964386
261535
219201
9333376
264830
263765
14888895
206880
207488
203398
248189
242567
12828636
2911532
6002060
208977
248620
9275519
248222
22693675
5939631
175284
174288
204803
250827
254601
8512560
203716
5963789
251159
209768
9285571
12842134
2938604
204584
259384
219335
249198
262500
22779430
6796297
261659
5950055
207278
258301
9257689
16682910
212284
203935
219762
263441
258097
13188442
3327403
252847
209251
8009965
250484
334028
25420602
9589347
280526
1849009
252005
247532
245075
12726777
209149
204457
261211
8001090
245946
12874887
5069037
254561
252243
3067901
250553
249769
14579907
4688501
175416
172087
261884
7993507
246989
