35361225
25179479
25155642
15358016
35212077
35214539
35212013
25172598
15341026
35220574
35201176
23239004
25161669
15347151
35192655
35226538
25153920
25162695
35225431
35219338
35201473
25200260
25188656
15338570
35196067
25289063
25157842
25138725
15338454
35202372
27236680
25180879
25159488
15349358
35230569
35238002
25184781
25187395
15335856
35209995
35200184
25180887
29154252
15374563
35232179
35233241
25208012
25160029
15349990
41184133
35230339
25158461
25146187
15362898
35196238
35225132
35216424
25180866
15335459
