17574967
17540399
17523085
27586222
27577664
17522670
17550260
17531032
27568510
27583207
17527622
45491775
17522830
27578362
27557241
17533916
17520200
17527522
27591690
27568215
17543567
17545869
17539076
27565424
27550173
17531998
17514523
17512318
27551951
27564313
19477352
17536959
17522851
27567464
27592161
17547124
17546993
17534158
27551106
27576704
17520346
17550392
21511344
27585186
27579983
17549425
17572918
17531208
27568818
23594387
17529311
17524671
17517386
27572668
27558059
17535947
17529523
17536275
27548656
