23046918
32911747
32827375
32863242
12987539
22904969
22820868
32842928
32840541
12993773
22907296
30909224
32828605
32860122
12976073
22924012
32815543
32834327
13004621
12980054
22910730
32869617
32863135
32834217
12976749
32868571
32824536
32798686
32816497
12974037
34798735
32870236
32845698
32857149
12996073
22937189
32863286
32882501
32836162
12988352
22899581
32869481
36825153
32857947
12988816
22932807
32897158
32821413
32834868
28878471
22923124
32827028
32812219
32844489
12978313
22928406
22804660
32846056
32813142
